Step 3
[[ 1.00000000e+00 -3.37969988e-03 -1.38739791e-02  1.75388713e-04
   6.26721964e-03  1.03322570e-02 -6.69153185e-04  2.10681904e-02
   2.53543059e-03  7.35554000e-03  6.24733651e-03]
 [-3.37969988e-03  1.00000000e+00 -2.90072774e-02  1.43419505e-02
   1.15163916e-02 -1.33521577e-02  6.86075381e-03  2.18652589e-02
  -7.87480689e-03 -2.73225907e-02  1.66684226e-02]
 [-1.38739791e-02 -2.90072774e-02  1.00000000e+00 -1.07148187e-02
   4.02588845e-02 -5.88926318e-02 -1.64905027e-02  1.81210238e-02
  -5.97850156e-03  6.19210661e-02 -2.55135120e-03]
 [ 1.75388713e-04  1.43419505e-02 -1.07148187e-02  1.00000000e+00
  -1.34810293e-02  1.38714325e-02  1.93533150e-02 -2.89872125e-02
   9.29869159e-03  7.86122512e-04  3.16615419e-03]
 [ 6.26721964e-03  1.15163916e-02  4.02588845e-02 -1.34810293e-02
   1.00000000e+00 -3.31342275e-01 -1.38884625e-02 -7.12578177e-03
   1.05801179e-02  4.01479491e-01 -1.37929196e-01]
 [ 1.03322570e-02 -1.33521577e-02 -5.88926318e-02  1.38714325e-02
  -3.31342275e-01  1.00000000e+00  4.77710767e-03  1.29971764e-02
   1.27688736e-02 -2.07122976e-02  1.92288631e-02]
 [-6.69153185e-04  6.86075381e-03 -1.64905027e-02  1.93533150e-02
  -1.38884625e-02  4.77710767e-03  1.00000000e+00 -1.19343877e-02
  -9.54012247e-03  9.49095167e-03 -1.72093021e-02]
 [ 2.10681904e-02  2.18652589e-02  1.81210238e-02 -2.89872125e-02
  -7.12578177e-03  1.29971764e-02 -1.19343877e-02  1.00000000e+00
  -1.00955241e-02 -1.53839635e-02  1.67931480e-02]
 [ 2.53543059e-03 -7.87480689e-03 -5.97850156e-03  9.29869159e-03
   1.05801179e-02  1.27688736e-02 -9.54012247e-03 -1.00955241e-02
   1.00000000e+00  1.11426307e-02 -8.69326984e-03]
 [ 7.35554000e-03 -2.73225907e-02  6.19210661e-02  7.86122512e-04
   4.01479491e-01 -2.07122976e-02  9.49095167e-03 -1.53839635e-02
   1.11426307e-02  1.00000000e+00 -3.32076406e-01]
 [ 6.24733651e-03  1.66684226e-02 -2.55135120e-03  3.16615419e-03
  -1.37929196e-01  1.92288631e-02 -1.72093021e-02  1.67931480e-02
  -8.69326984e-03 -3.32076406e-01  1.00000000e+00]]
    credit_score    gender  ...  country_Germany  country_Spain
0      -0.000365 -0.023779  ...         0.581988      -0.418097
1       0.042415 -0.167077  ...         0.317592      -0.489363
2      -0.150507  0.375247  ...        -0.084171       0.075413
3       0.448568  0.562513  ...         0.054665      -0.077389
4       0.412754  0.012219  ...        -0.029657       0.092068
5       0.709602 -0.456577  ...        -0.041307       0.124186
6      -0.096613  0.171714  ...         0.053609       0.004191
7      -0.130477 -0.061172  ...        -0.055003       0.054697
8       0.266188  0.521359  ...         0.039988      -0.047105
9      -0.056716  0.000709  ...         0.398809       0.701369
10     -0.001753 -0.025166  ...        -0.617430      -0.230210

[11 rows x 11 columns]
Accuracy by Original Features: 0.8084439335353747
Accuracy by PCA: 0.8432438081304211
